K: [ 3.6507984214192066e+02, 0., 3.8101960885425410e+02, 0., 3.6512127672545773e+02, 2.5444318313980298e+02, 0., 0., 1. ]
D: [-2.8429580149021449e-01, 8.7155025659709395e-02, -1.4602925538147228e-04, -6.1496385367527061e-04, -1.2182371303193360e-02 ]
