# oST version 5.0 parameters


[image]

width
752

height
480

[narrow_stereo]

camera matrix
367.138488 0.000000 374.908081
0.000000 367.787173 254.282369
0.000000 0.000000 1.000000

distortion
-0.250538 0.046181 0.000083 -0.000928 0.000000

rectification
1.000000 0.000000 0.000000
0.000000 1.000000 0.000000
0.000000 0.000000 1.000000

projection
249.522949 0.000000 373.123667 0.000000
0.000000 320.282593 258.620845 0.000000
0.000000 0.000000 1.000000 0.000000

